t	y
0.000	0.000
0.033	0.001
0.067	0.007
0.100	0.023
0.134	0.040
0.167	0.061
0.201	0.082
0.235	0.094
0.268	0.101
0.302	0.098
0.335	0.092
0.369	0.088
0.402	0.086
0.436	0.086
0.469	0.089
0.503	0.096
0.536	0.106
0.570	0.118
0.604	0.129
0.637	0.138
0.671	0.145
0.704	0.149
0.737	0.151
0.771	0.152
0.804	0.153
0.838	0.155
0.872	0.160
0.905	0.167
0.939	0.175
0.972	0.183
1.006	0.192
1.039	0.198
1.073	0.203
1.106	0.206
1.140	0.208
1.173	0.210
1.207	0.212
1.241	0.215
1.274	0.219
1.308	0.224
1.341	0.230
1.375	0.237
1.408	0.243
