t	y
0.000	0.000
0.034	0.001
0.068	0.008
0.101	0.015
0.134	0.019
0.168	0.018
0.201	0.016
0.235	0.015
0.268	0.017
0.302	0.020
0.335	0.024
0.369	0.026
0.403	0.026
0.436	0.027
0.470	0.028
0.503	0.029
0.537	0.031
0.570	0.034
0.604	0.035
0.637	0.035
0.670	0.036
0.704	0.038
0.738	0.039
0.772	0.041
0.805	0.043
0.838	0.044
0.872	0.045
0.905	0.047
0.939	0.049
0.972	0.050
1.006	0.052
1.040	0.053
1.073	0.054
1.107	0.056
1.140	0.057
1.174	0.058
1.207	0.060
1.241	0.061
1.274	0.062
1.308	0.063
1.341	0.064
1.375	0.065
1.409	0.066
1.442	0.068
1.476	0.069
1.509	0.070
1.542	0.071
1.576	0.072
1.609	0.073
1.643	0.074
1.676	0.076
1.710	0.077
1.744	0.078
1.777	0.079
1.811	0.080
1.844	0.081
1.878	0.083
1.911	0.085
1.945	0.086
1.978	0.087
2.011	0.088
2.045	0.090
2.079	0.091
2.113	0.092
2.146	0.093
2.179	0.095
2.213	0.096
2.246	0.098
2.280	0.099
2.313	0.100
2.347	0.102
2.381	0.103
2.414	0.104
2.448	0.105
2.481	0.106
2.515	0.109
2.548	0.110
2.582	0.112
2.615	0.113
2.649	0.114
2.682	0.115
2.716	0.117
2.750	0.118
2.783	0.119
2.817	0.121
2.850	0.122
2.884	0.123
2.917	0.124
2.950	0.126
2.984	0.127
3.017	0.129
3.051	0.130
3.085	0.132
3.118	0.133
3.152	0.134
3.185	0.136
3.219	0.137
3.252	0.139
3.286	0.140
3.319	0.141
3.353	0.143
3.386	0.144
3.420	0.146
3.454	0.147
3.487	0.148
3.521	0.149
3.554	0.151
3.587	0.152
3.621	0.154
3.654	0.155
3.688	0.156
3.722	0.158
3.755	0.159
3.789	0.161
3.822	0.162
3.856	0.164
3.889	0.165
3.923	0.167
3.956	0.168
3.990	0.169
4.023	0.171
4.057	0.173
4.091	0.175
4.124	0.177
4.158	0.178
4.191	0.179
4.225	0.181
4.258	0.183
4.291	0.185
4.325	0.187
4.358	0.188
4.392	0.190
4.426	0.191
4.459	0.193
4.493	0.194
4.526	0.196
4.560	0.198
4.593	0.200
4.627	0.201
4.660	0.202
4.694	0.203
4.727	0.205
4.761	0.207
4.795	0.208
4.828	0.210
4.862	0.211
4.895	0.213
4.929	0.214
4.962	0.216
4.996	0.218
5.029	0.219
5.063	0.221
5.096	0.222
5.130	0.223
5.163	0.225
5.197	0.227
5.230	0.228
5.264	0.230
5.297	0.231
5.331	0.232
5.364	0.234
5.398	0.235
5.432	0.236
5.465	0.238
5.499	0.239
5.532	0.241
5.566	0.242
5.599	0.243
5.633	0.245
5.666	0.246
5.699	0.247
5.733	0.249
