t	y
0.000	0.000
0.034	0.005
0.068	0.014
0.101	0.024
0.134	0.032
0.168	0.036
0.201	0.034
0.235	0.031
0.268	0.030
0.302	0.032
0.335	0.036
0.369	0.043
0.403	0.049
0.436	0.053
0.470	0.054
0.503	0.054
0.537	0.054
0.570	0.055
0.604	0.058
0.637	0.062
0.671	0.065
0.704	0.069
0.738	0.071
0.772	0.073
0.805	0.074
0.838	0.075
0.872	0.078
0.905	0.080
0.939	0.084
0.972	0.087
1.006	0.090
1.040	0.092
1.073	0.094
1.107	0.096
1.140	0.098
1.174	0.100
1.207	0.103
1.241	0.106
1.274	0.109
1.308	0.112
1.341	0.114
1.375	0.116
1.409	0.118
1.442	0.120
1.476	0.123
1.509	0.126
1.542	0.129
1.576	0.131
1.609	0.134
1.643	0.136
1.676	0.138
1.710	0.141
