t	y
0.000	0.000
0.033	0.002
0.067	0.008
0.101	0.019
0.134	0.033
0.168	0.045
0.201	0.052
0.235	0.052
0.268	0.049
0.302	0.047
0.335	0.047
0.369	0.050
0.403	0.055
0.436	0.063
0.470	0.070
0.503	0.076
0.537	0.078
0.570	0.078
0.604	0.077
0.637	0.077
0.671	0.078
0.704	0.081
0.738	0.087
0.772	0.093
0.805	0.098
0.839	0.103
0.872	0.104
0.905	0.104
0.939	0.105
0.972	0.106
1.006	0.108
1.039	0.112
1.073	0.118
1.107	0.123
1.140	0.128
1.174	0.131
1.207	0.132
1.241	0.134
1.274	0.135
1.308	0.137
1.341	0.141
1.374	0.145
1.408	0.151
1.442	0.156
1.476	0.161
1.509	0.164
1.542	0.166
1.576	0.166
1.609	0.168
1.643	0.171
1.676	0.175
1.710	0.180
1.744	0.185
1.777	0.190
1.811	0.194
1.844	0.197
1.878	0.199
1.911	0.201
1.945	0.202
1.978	0.206
2.012	0.209
2.045	0.213
2.079	0.217
2.113	0.221
2.146	0.223
2.180	0.226
2.213	0.227
2.246	0.230
2.280	0.232
2.313	0.235
2.347	0.238
2.380	0.241
2.414	0.244
2.448	0.247
2.481	0.250
