t	y
0.000	0.000
0.034	0.006
0.068	0.019
0.101	0.034
0.134	0.051
0.168	0.062
0.201	0.065
0.235	0.061
0.268	0.056
0.302	0.053
0.335	0.053
0.369	0.056
0.403	0.063
0.436	0.072
0.470	0.081
0.503	0.088
0.537	0.093
0.570	0.093
0.604	0.093
0.637	0.094
0.670	0.095
0.704	0.098
0.738	0.103
0.772	0.109
0.805	0.115
0.838	0.120
0.872	0.124
0.905	0.128
0.939	0.130
0.972	0.133
1.006	0.135
1.040	0.139
1.073	0.143
1.107	0.149
1.140	0.154
1.174	0.159
1.207	0.163
1.241	0.167
1.274	0.170
1.308	0.173
1.341	0.176
1.375	0.180
1.409	0.183
1.442	0.187
1.475	0.191
1.509	0.196
1.542	0.200
1.576	0.204
1.609	0.208
1.643	0.211
1.676	0.214
1.710	0.217
1.744	0.220
1.777	0.223
1.811	0.227
1.844	0.231
1.878	0.235
1.911	0.239
1.945	0.242
1.978	0.244
2.012	0.247
