t	y
0.000	0.000
0.034	0.003
0.067	0.012
0.101	0.028
0.134	0.043
0.168	0.060
0.201	0.074
0.235	0.080
0.268	0.076
0.302	0.070
0.335	0.066
0.369	0.064
0.403	0.064
0.436	0.069
0.470	0.076
0.503	0.088
0.537	0.099
0.570	0.109
0.604	0.116
0.637	0.120
0.671	0.121
0.704	0.121
0.738	0.121
0.772	0.122
0.805	0.125
0.838	0.130
0.872	0.137
0.905	0.144
0.939	0.152
0.972	0.158
1.006	0.162
1.039	0.165
1.073	0.166
1.107	0.168
1.140	0.170
1.174	0.172
1.207	0.177
1.241	0.182
1.274	0.189
1.308	0.194
1.341	0.200
1.375	0.204
1.408	0.207
